238412545713368
238233665703124
238091308210407
238099020081345
238376441122942
238384000804058
238385011085522
238392077384895
238456138901512
238122415226982
238434276556947
238246259537020
238331988011202
238384545624162
238402072244276
238518994983128
238393174860979
238446393761909
238454515204265
US
238235396093008
238092241807525
238485349437581
238097036444915
238454576453808
238401316755616
238464686830604
238311918743677
238466359227469
238458549378095
238403039693031
238347191809095
238379312711921
238420657580280
238490640557213
238410419272926
238093288820911
238302987388131
238401260244110
238294350129392
238401758098676
238091472818373
238203578761399
238388636393551
238266317006028
238292720762034
238399036985526
238448906038435
238395605239939
238427692505171
238425091844294
238485375318159
238386224088181
238280956811418
238452334157009
238123994508376
238480404990178
238485726767281
238206676776116
238099065704656
238381889915090
238295628342471
238380834570257
238425512108125

Spain
238462993623059
238462993624098
238462993648786
238462993622267
238462993641516
238462993627202
238462993650856
236414327233569
238161095711888
235770521691253
238462993621236
235619492194345
236414327242883
238462993650869
238462993625138
238462993631362
238462993630321
238462993634496
238462993629286
